20
43
21
26
95
10
90
47
8
29
49
74
80
2
40
45
28
35
39
72
35
85
89
93
42
46
50
74
85
30
12
52
87
29
42
65
26
50
61
14
11
68
30
70
64
19
22
21
13
61
74
34
18
78
87
27
32
85
17
21
46
6
69
81
83
39
50
80
44
22
75
34
78
59
71
78
47
59
42
15
2
4
36
72
32
62
91
17
32
77
61
14
90
43
87
55
62
7
5
24
12
69
30
94
97
70
84
9
18
88
88
59
84
73
100
57
56
84
16
94
34
56
25
61
80
25
43
22
64
15
39
32
51
79
50
20
90
73
70
77
25
82
91
42
35
58
40
64
34
47
71
75
90
59
18
21
75
44
1
55
71
8
72
79
68
22
76
68
50
65
85
36
45
59
91
80
27
99
18
63