1
12
90
62
19
61
12
99
6
81
34
99
87
28
81
78
28
22
94
43
59
83
81
99
50
73
51
3
32
68
25
46
12
76
82
39
24
40
66
95
33
40
45
52
79
67
11
10
76
28
56
39
89
54
2
19
28
17
57
88
19
53
55
89
54
70
36
17
30
59
65
71
53
83
21
78
83
47
87
15
19
36
7
62
40
35
90
59
39
79
33
48
19
34
51
22
95
21
55
91
65
30
27
42
33
51
71
29
52
24
38
20
10
69
18
86
41
77
99
53
72
76
92
41
97
75
91
15
19
9
58
85
94
33
51
63
51
64
47
52
58
93
43
17
20
61
66
29
97
85
96
27
86
83
95
29
5
30
73
54
22
14
90
65
44
7
35
76
57
72
86
11
2
65
48
54
74
10
61
72